                 Id           Spd           Year           Alt          TSecs  \
count  1.119750e+05  79788.000000  100454.000000  1.108490e+05  111903.000000   
mean   9.091063e+06    394.646672    2006.556573  2.660387e+04    1283.314773   
std    3.224618e+06    146.393789       7.900788  1.948646e+04    1399.541075   
min    4.096000e+03      0.000000    1901.000000 -1.542978e+06       1.000000   
25%    7.667755e+06    360.000000    2001.000000  1.705000e+04     327.000000   
50%    1.066681e+07    427.900000    2008.000000  3.200000e+04     861.000000   
75%    1.123108e+07    470.000000    2013.000000  3.600000e+04    1754.000000   
max    1.527323e+07  14390.000000    2105.000000  3.486252e+06   19004.000000   

        Species           Lat          Long       PosTime  
count  111975.0  88930.000000  88930.000000  8.893000e+04  
mean        1.0     32.113130    -28.165476  1.496017e+12  
std         0.0     25.818834     85.355072  7.947230e+05  
min         1.0  -2147.483648   -180.000000  1.496013e+12  
25%         1.0     32.173759    -89.245205  1.496017e+12  
50%         1.0     38.771611    -73.872819  1.496017e+12  
75%         1.0     44.723666     18.136063  1.496018e+12  
max         1.0     99.391205    179.488113  1.496019e+12  